## 相机内参
fx: 277.191356
fy: 277.191356
cx: 160
cy: 120

## 畸变参数
k1: 0.0
k2: 0.0
p1: 0.0
p2: 0.0
k3: 0.0

